3.367386144928119052e+00 -3.704124759420930957e+01 -1.908185482125934129e+01
3.367386144928119052e+00 -3.591878554589993655e+01 -1.908185482125934129e+01
3.367386144928119052e+00 -3.479632349759056353e+01 -1.908185482125934129e+01
3.367386144928119052e+00 -3.367386144928119052e+01 -1.908185482125934129e+01
3.367386144928119052e+00 -3.255139940097181750e+01 -1.908185482125934129e+01
3.367386144928119052e+00 -3.142893735266244448e+01 -1.908185482125934129e+01
3.367386144928119052e+00 -3.030647530435307146e+01 -1.908185482125934129e+01
3.367386144928119052e+00 -2.918401325604369845e+01 -1.908185482125934129e+01
3.367386144928119052e+00 -2.806155120773432543e+01 -1.908185482125934129e+01
3.367386144928119052e+00 -2.693908915942495241e+01 -1.908185482125934129e+01
3.367386144928119052e+00 -2.581662711111557940e+01 -1.908185482125934129e+01
3.367386144928119052e+00 -2.469416506280620638e+01 -1.908185482125934129e+01
3.367386144928119052e+00 -2.357170301449683336e+01 -1.908185482125934129e+01
3.367386144928119052e+00 -2.244924096618746034e+01 -1.908185482125934129e+01
3.367386144928119052e+00 -2.132677891787808733e+01 -1.908185482125934129e+01
3.367386144928119052e+00 -2.020431686956871431e+01 -1.908185482125934129e+01
3.367386144928119052e+00 -1.908185482125934129e+01 -1.908185482125934129e+01
3.367386144928119052e+00 -1.795939277294996828e+01 -1.908185482125934129e+01
3.367386144928119052e+00 -1.683693072464059526e+01 -1.908185482125934129e+01
3.367386144928119052e+00 -1.571446867633122224e+01 -1.908185482125934129e+01
3.367386144928119052e+00 -1.459200662802184922e+01 -1.908185482125934129e+01
3.367386144928119052e+00 -1.459200662802184922e+01 -1.795939277294996828e+01
3.367386144928119052e+00 -1.459200662802184922e+01 -1.683693072464059526e+01
3.367386144928119052e+00 -1.459200662802184922e+01 -1.571446867633122224e+01
3.367386144928119052e+00 -1.459200662802184922e+01 -1.459200662802184922e+01
3.367386144928119052e+00 -1.459200662802184922e+01 -1.346954457971247621e+01
3.367386144928119052e+00 -1.459200662802184922e+01 -1.234708253140310319e+01
3.367386144928119052e+00 -1.459200662802184922e+01 -1.122462048309373017e+01
3.367386144928119052e+00 -1.459200662802184922e+01 -1.010215843478435715e+01
3.367386144928119052e+00 -1.459200662802184922e+01 -8.979696386474984138e+00
3.367386144928119052e+00 -1.459200662802184922e+01 -7.857234338165611121e+00
3.367386144928119052e+00 -1.459200662802184922e+01 -6.734772289856238103e+00
3.367386144928119052e+00 -1.459200662802184922e+01 -5.612310241546865086e+00
3.367386144928119052e+00 -1.459200662802184922e+01 -4.489848193237492069e+00
3.367386144928119052e+00 -1.459200662802184922e+01 -3.367386144928119052e+00
3.367386144928119052e+00 -1.459200662802184922e+01 -2.244924096618746034e+00
3.367386144928119052e+00 -1.459200662802184922e+01 -1.122462048309373017e+00
3.367386144928119052e+00 -1.459200662802184922e+01 0.000000000000000000e+00
3.367386144928119052e+00 -1.459200662802184922e+01 1.122462048309373017e+00
3.367386144928119052e+00 -1.459200662802184922e+01 2.244924096618746034e+00
3.367386144928119052e+00 -1.459200662802184922e+01 3.367386144928119052e+00
3.367386144928119052e+00 -1.346954457971247621e+01 3.367386144928119052e+00
3.367386144928119052e+00 -1.234708253140310319e+01 3.367386144928119052e+00
3.367386144928119052e+00 -1.122462048309373017e+01 3.367386144928119052e+00
3.367386144928119052e+00 -1.010215843478435715e+01 3.367386144928119052e+00
3.367386144928119052e+00 -8.979696386474984138e+00 3.367386144928119052e+00
3.367386144928119052e+00 -7.857234338165611121e+00 3.367386144928119052e+00
3.367386144928119052e+00 -6.734772289856238103e+00 3.367386144928119052e+00
3.367386144928119052e+00 -5.612310241546865086e+00 3.367386144928119052e+00
3.367386144928119052e+00 -4.489848193237492069e+00 3.367386144928119052e+00
3.367386144928119052e+00 -3.367386144928119052e+00 3.367386144928119052e+00
3.367386144928119052e+00 -2.244924096618746034e+00 3.367386144928119052e+00
3.367386144928119052e+00 -1.122462048309373017e+00 3.367386144928119052e+00
3.367386144928119052e+00 0.000000000000000000e+00 3.367386144928119052e+00
3.367386144928119052e+00 1.122462048309373017e+00 3.367386144928119052e+00
3.367386144928119052e+00 2.244924096618746034e+00 3.367386144928119052e+00
3.367386144928119052e+00 3.367386144928119052e+00 3.367386144928119052e+00
3.367386144928119052e+00 4.489848193237492069e+00 3.367386144928119052e+00
3.367386144928119052e+00 5.612310241546865086e+00 3.367386144928119052e+00
3.367386144928119052e+00 6.734772289856238103e+00 3.367386144928119052e+00
2.244924096618746034e+00 6.734772289856238103e+00 3.367386144928119052e+00
1.122462048309373017e+00 6.734772289856238103e+00 3.367386144928119052e+00
0.000000000000000000e+00 6.734772289856238103e+00 3.367386144928119052e+00
-1.122462048309373017e+00 6.734772289856238103e+00 3.367386144928119052e+00
-2.244924096618746034e+00 6.734772289856238103e+00 3.367386144928119052e+00
-3.367386144928119052e+00 6.734772289856238103e+00 3.367386144928119052e+00
-3.367386144928119052e+00 5.612310241546865086e+00 3.367386144928119052e+00
-3.367386144928119052e+00 4.489848193237492069e+00 3.367386144928119052e+00
-3.367386144928119052e+00 3.367386144928119052e+00 3.367386144928119052e+00
-3.367386144928119052e+00 2.244924096618746034e+00 3.367386144928119052e+00
-3.367386144928119052e+00 1.122462048309373017e+00 3.367386144928119052e+00
-3.367386144928119052e+00 0.000000000000000000e+00 3.367386144928119052e+00
-3.367386144928119052e+00 0.000000000000000000e+00 2.244924096618746034e+00
-3.367386144928119052e+00 0.000000000000000000e+00 1.122462048309373017e+00
-3.367386144928119052e+00 0.000000000000000000e+00 0.000000000000000000e+00
-2.244924096618746034e+00 0.000000000000000000e+00 0.000000000000000000e+00
-1.122462048309373017e+00 0.000000000000000000e+00 0.000000000000000000e+00
0.000000000000000000e+00 0.000000000000000000e+00 0.000000000000000000e+00
1.122462048309373017e+00 0.000000000000000000e+00 0.000000000000000000e+00
2.244924096618746034e+00 0.000000000000000000e+00 0.000000000000000000e+00
3.367386144928119052e+00 0.000000000000000000e+00 0.000000000000000000e+00
4.489848193237492069e+00 0.000000000000000000e+00 0.000000000000000000e+00
5.612310241546865086e+00 0.000000000000000000e+00 0.000000000000000000e+00
6.734772289856238103e+00 0.000000000000000000e+00 0.000000000000000000e+00
6.734772289856238103e+00 0.000000000000000000e+00 1.122462048309373017e+00
6.734772289856238103e+00 0.000000000000000000e+00 2.244924096618746034e+00
6.734772289856238103e+00 0.000000000000000000e+00 3.367386144928119052e+00
6.734772289856238103e+00 0.000000000000000000e+00 4.489848193237492069e+00
6.734772289856238103e+00 0.000000000000000000e+00 5.612310241546865086e+00
6.734772289856238103e+00 0.000000000000000000e+00 6.734772289856238103e+00
5.612310241546865086e+00 0.000000000000000000e+00 6.734772289856238103e+00
4.489848193237492069e+00 0.000000000000000000e+00 6.734772289856238103e+00
3.367386144928119052e+00 0.000000000000000000e+00 6.734772289856238103e+00
2.244924096618746034e+00 0.000000000000000000e+00 6.734772289856238103e+00
1.122462048309373017e+00 0.000000000000000000e+00 6.734772289856238103e+00
0.000000000000000000e+00 0.000000000000000000e+00 6.734772289856238103e+00
0.000000000000000000e+00 0.000000000000000000e+00 5.612310241546865086e+00
0.000000000000000000e+00 0.000000000000000000e+00 4.489848193237492069e+00
0.000000000000000000e+00 0.000000000000000000e+00 3.367386144928119052e+00
0.000000000000000000e+00 1.122462048309373017e+00 3.367386144928119052e+00
0.000000000000000000e+00 2.244924096618746034e+00 3.367386144928119052e+00
0.000000000000000000e+00 3.367386144928119052e+00 3.367386144928119052e+00
0.000000000000000000e+00 3.367386144928119052e+00 2.244924096618746034e+00
0.000000000000000000e+00 3.367386144928119052e+00 1.122462048309373017e+00
0.000000000000000000e+00 3.367386144928119052e+00 0.000000000000000000e+00
0.000000000000000000e+00 4.489848193237492069e+00 0.000000000000000000e+00
0.000000000000000000e+00 5.612310241546865086e+00 0.000000000000000000e+00
0.000000000000000000e+00 6.734772289856238103e+00 0.000000000000000000e+00
0.000000000000000000e+00 7.857234338165611121e+00 0.000000000000000000e+00
0.000000000000000000e+00 8.979696386474984138e+00 0.000000000000000000e+00
0.000000000000000000e+00 1.010215843478435715e+01 0.000000000000000000e+00
0.000000000000000000e+00 1.122462048309373017e+01 0.000000000000000000e+00
0.000000000000000000e+00 1.234708253140310319e+01 0.000000000000000000e+00
0.000000000000000000e+00 1.346954457971247621e+01 0.000000000000000000e+00
0.000000000000000000e+00 1.459200662802184922e+01 0.000000000000000000e+00
0.000000000000000000e+00 1.459200662802184922e+01 -1.122462048309373017e+00
0.000000000000000000e+00 1.459200662802184922e+01 -2.244924096618746034e+00
0.000000000000000000e+00 1.459200662802184922e+01 -3.367386144928119052e+00
0.000000000000000000e+00 1.459200662802184922e+01 -4.489848193237492069e+00
0.000000000000000000e+00 1.459200662802184922e+01 -5.612310241546865086e+00
0.000000000000000000e+00 1.459200662802184922e+01 -6.734772289856238103e+00
0.000000000000000000e+00 1.459200662802184922e+01 -7.857234338165611121e+00
0.000000000000000000e+00 1.459200662802184922e+01 -8.979696386474984138e+00
0.000000000000000000e+00 1.459200662802184922e+01 -1.010215843478435715e+01
0.000000000000000000e+00 1.459200662802184922e+01 -1.122462048309373017e+01
0.000000000000000000e+00 1.459200662802184922e+01 -1.234708253140310319e+01
0.000000000000000000e+00 1.459200662802184922e+01 -1.346954457971247621e+01
0.000000000000000000e+00 1.459200662802184922e+01 -1.459200662802184922e+01
0.000000000000000000e+00 1.459200662802184922e+01 -1.571446867633122224e+01
0.000000000000000000e+00 1.459200662802184922e+01 -1.683693072464059526e+01
0.000000000000000000e+00 1.459200662802184922e+01 -1.795939277294996828e+01
0.000000000000000000e+00 1.459200662802184922e+01 -1.908185482125934129e+01
0.000000000000000000e+00 1.459200662802184922e+01 -2.020431686956871431e+01
0.000000000000000000e+00 1.459200662802184922e+01 -2.132677891787808733e+01
0.000000000000000000e+00 1.459200662802184922e+01 -2.244924096618746034e+01
0.000000000000000000e+00 1.571446867633122224e+01 -2.244924096618746034e+01
0.000000000000000000e+00 1.683693072464059526e+01 -2.244924096618746034e+01
0.000000000000000000e+00 1.795939277294996828e+01 -2.244924096618746034e+01
0.000000000000000000e+00 1.908185482125934129e+01 -2.244924096618746034e+01
0.000000000000000000e+00 2.020431686956871431e+01 -2.244924096618746034e+01
0.000000000000000000e+00 2.132677891787808733e+01 -2.244924096618746034e+01
0.000000000000000000e+00 2.244924096618746034e+01 -2.244924096618746034e+01
0.000000000000000000e+00 2.357170301449683336e+01 -2.244924096618746034e+01
0.000000000000000000e+00 2.469416506280620638e+01 -2.244924096618746034e+01
0.000000000000000000e+00 2.581662711111557940e+01 -2.244924096618746034e+01
0.000000000000000000e+00 2.693908915942495241e+01 -2.244924096618746034e+01
0.000000000000000000e+00 2.806155120773432543e+01 -2.244924096618746034e+01
0.000000000000000000e+00 2.918401325604369845e+01 -2.244924096618746034e+01
0.000000000000000000e+00 3.030647530435307146e+01 -2.244924096618746034e+01
0.000000000000000000e+00 3.142893735266244448e+01 -2.244924096618746034e+01
0.000000000000000000e+00 3.255139940097181750e+01 -2.244924096618746034e+01
0.000000000000000000e+00 3.367386144928119052e+01 -2.244924096618746034e+01
0.000000000000000000e+00 3.479632349759056353e+01 -2.244924096618746034e+01
0.000000000000000000e+00 3.591878554589993655e+01 -2.244924096618746034e+01
0.000000000000000000e+00 3.704124759420930957e+01 -2.244924096618746034e+01
