    25.700     0.000     0.000     1
    25.676     1.121     0.000     2
    25.602     2.240     0.000     3
    25.480     3.355     0.000     4
    25.310     4.463     0.000     5
    25.091     5.562     0.000     6
    24.824     6.652     0.000     7
    24.511     7.728     0.000     8
    24.150     8.790     0.000     9
    23.744     9.835     0.000    10
    23.292    10.861     0.000    11
    22.796    11.867     0.000    12
    22.257    12.850     0.000    13
    21.675    13.809     0.000    14
    21.052    14.741     0.000    15
    20.389    15.645     0.000    16
    19.687    16.520     0.000    17
    18.948    17.363     0.000    18
    18.173    18.173     0.000    19
    17.363    18.948     0.000    20
    16.520    19.687     0.000    21
    15.645    20.389     0.000    22
    14.741    21.052     0.000    23
    13.809    21.675     0.000    24
    12.850    22.257     0.000    25
    11.867    22.796     0.000    26
    10.861    23.292     0.000    27
     9.835    23.744     0.000    28
     8.790    24.150     0.000    29
     7.728    24.511     0.000    30
     6.652    24.824     0.000    31
     5.562    25.091     0.000    32
     4.463    25.310     0.000    33
     3.355    25.480     0.000    34
     2.240    25.602     0.000    35
     1.121    25.676     0.000    36
     0.000    25.700     0.000    37
    -1.121    25.676     0.000    38
    -2.240    25.602     0.000    39
    -3.355    25.480     0.000    40
    -4.463    25.310     0.000    41
    -5.562    25.091     0.000    42
    -6.652    24.824     0.000    43
    -7.728    24.511     0.000    44
    -8.790    24.150     0.000    45
    -9.835    23.744     0.000    46
   -10.861    23.292     0.000    47
   -11.867    22.796     0.000    48
   -12.850    22.257     0.000    49
   -13.809    21.675     0.000    50
   -14.741    21.052     0.000    51
   -15.645    20.389     0.000    52
   -16.520    19.687     0.000    53
   -17.363    18.948     0.000    54
   -18.173    18.173     0.000    55
   -18.948    17.363     0.000    56
   -19.687    16.520     0.000    57
   -20.389    15.645     0.000    58
   -21.052    14.741     0.000    59
   -21.675    13.809     0.000    60
   -22.257    12.850     0.000    61
   -22.796    11.867     0.000    62
   -23.292    10.861     0.000    63
   -23.744     9.835     0.000    64
   -24.150     8.790     0.000    65
   -24.511     7.728     0.000    66
   -24.824     6.652     0.000    67
   -25.091     5.562     0.000    68
   -25.310     4.463     0.000    69
   -25.480     3.355     0.000    70
   -25.602     2.240     0.000    71
   -25.676     1.121     0.000    72
   -25.700     0.000     0.000    73
   -25.676    -1.121     0.000    74
   -25.602    -2.240     0.000    75
   -25.480    -3.355     0.000    76
   -25.310    -4.463     0.000    77
   -25.091    -5.562     0.000    78
   -24.824    -6.652     0.000    79
   -24.511    -7.728     0.000    80
   -24.150    -8.790     0.000    81
   -23.744    -9.835     0.000    82
   -23.292   -10.861     0.000    83
   -22.796   -11.867     0.000    84
   -22.257   -12.850     0.000    85
   -21.675   -13.809     0.000    86
   -21.052   -14.741     0.000    87
   -20.389   -15.645     0.000    88
   -19.687   -16.520     0.000    89
   -18.948   -17.363     0.000    90
   -18.173   -18.173     0.000    91
   -17.363   -18.948     0.000    92
   -16.520   -19.687     0.000    93
   -15.645   -20.389     0.000    94
   -14.741   -21.052     0.000    95
   -13.809   -21.675     0.000    96
   -12.850   -22.257     0.000    97
   -11.867   -22.796     0.000    98
   -10.861   -23.292     0.000    99
    -9.835   -23.744     0.000   100
    -8.790   -24.150     0.000   101
    -7.728   -24.511     0.000   102
    -6.652   -24.824     0.000   103
    -5.562   -25.091     0.000   104
    -4.463   -25.310     0.000   105
    -3.355   -25.480     0.000   106
    -2.240   -25.602     0.000   107
    -1.121   -25.676     0.000   108
    -0.000   -25.700     0.000   109
     1.121   -25.676     0.000   110
     2.240   -25.602     0.000   111
     3.355   -25.480     0.000   112
     4.463   -25.310     0.000   113
     5.562   -25.091     0.000   114
     6.652   -24.824     0.000   115
     7.728   -24.511     0.000   116
     8.790   -24.150     0.000   117
     9.835   -23.744     0.000   118
    10.861   -23.292     0.000   119
    11.867   -22.796     0.000   120
    12.850   -22.257     0.000   121
    13.809   -21.675     0.000   122
    14.741   -21.052     0.000   123
    15.645   -20.389     0.000   124
    16.520   -19.687     0.000   125
    17.363   -18.948     0.000   126
    18.173   -18.173     0.000   127
    18.948   -17.363     0.000   128
    19.687   -16.520     0.000   129
    20.389   -15.645     0.000   130
    21.052   -14.741     0.000   131
    21.675   -13.809     0.000   132
    22.257   -12.850     0.000   133
    22.796   -11.867     0.000   134
    23.292   -10.861     0.000   135
    23.744    -9.835     0.000   136
    24.150    -8.790     0.000   137
    24.511    -7.728     0.000   138
    24.824    -6.652     0.000   139
    25.091    -5.562     0.000   140
    25.310    -4.463     0.000   141
    25.480    -3.355     0.000   142
    25.602    -2.240     0.000   143
    25.676    -1.121     0.000   144
    25.676    -1.121     1.120   288
    25.602    -2.240     1.120   287
    25.480    -3.355     1.120   286
    25.310    -4.463     1.120   285
    25.091    -5.562     1.120   284
    24.824    -6.652     1.120   283
    24.511    -7.728     1.120   282
    24.150    -8.790     1.120   281
    23.744    -9.835     1.120   280
    23.292   -10.861     1.120   279
    22.796   -11.867     1.120   278
    22.257   -12.850     1.120   277
    21.675   -13.809     1.120   276
    21.052   -14.741     1.120   275
    20.389   -15.645     1.120   274
    19.687   -16.520     1.120   273
    18.948   -17.363     1.120   272
    18.173   -18.173     1.120   271
    17.363   -18.948     1.120   270
    16.520   -19.687     1.120   269
    15.645   -20.389     1.120   268
    14.741   -21.052     1.120   267
    13.809   -21.675     1.120   266
    12.850   -22.257     1.120   265
    11.867   -22.796     1.120   264
    10.861   -23.292     1.120   263
     9.835   -23.744     1.120   262
     8.790   -24.150     1.120   261
     7.728   -24.511     1.120   260
     6.652   -24.824     1.120   259
     5.562   -25.091     1.120   258
     4.463   -25.310     1.120   257
     3.355   -25.480     1.120   256
     2.240   -25.602     1.120   255
     1.121   -25.676     1.120   254
    -0.000   -25.700     1.120   253
    -1.121   -25.676     1.120   252
    -2.240   -25.602     1.120   251
    -3.355   -25.480     1.120   250
    -4.463   -25.310     1.120   249
    -5.562   -25.091     1.120   248
    -6.652   -24.824     1.120   247
    -7.728   -24.511     1.120   246
    -8.790   -24.150     1.120   245
    -9.835   -23.744     1.120   244
   -10.861   -23.292     1.120   243
   -11.867   -22.796     1.120   242
   -12.850   -22.257     1.120   241
   -13.809   -21.675     1.120   240
   -14.741   -21.052     1.120   239
   -15.645   -20.389     1.120   238
   -16.520   -19.687     1.120   237
   -17.363   -18.948     1.120   236
   -18.173   -18.173     1.120   235
   -18.948   -17.363     1.120   234
   -19.687   -16.520     1.120   233
   -20.389   -15.645     1.120   232
   -21.052   -14.741     1.120   231
   -21.675   -13.809     1.120   230
   -22.257   -12.850     1.120   229
   -22.796   -11.867     1.120   228
   -23.292   -10.861     1.120   227
   -23.744    -9.835     1.120   226
   -24.150    -8.790     1.120   225
   -24.511    -7.728     1.120   224
   -24.824    -6.652     1.120   223
   -25.091    -5.562     1.120   222
   -25.310    -4.463     1.120   221
   -25.480    -3.355     1.120   220
   -25.602    -2.240     1.120   219
   -25.676    -1.121     1.120   218
   -25.700     0.000     1.120   217
   -25.676     1.121     1.120   216
   -25.602     2.240     1.120   215
   -25.480     3.355     1.120   214
   -25.310     4.463     1.120   213
   -25.091     5.562     1.120   212
   -24.824     6.652     1.120   211
   -24.511     7.728     1.120   210
   -24.150     8.790     1.120   209
   -23.744     9.835     1.120   208
   -23.292    10.861     1.120   207
   -22.796    11.867     1.120   206
   -22.257    12.850     1.120   205
   -21.675    13.809     1.120   204
   -21.052    14.741     1.120   203
   -20.389    15.645     1.120   202
   -19.687    16.520     1.120   201
   -18.948    17.363     1.120   200
   -18.173    18.173     1.120   199
   -17.363    18.948     1.120   198
   -16.520    19.687     1.120   197
   -15.645    20.389     1.120   196
   -14.741    21.052     1.120   195
   -13.809    21.675     1.120   194
   -12.850    22.257     1.120   193
   -11.867    22.796     1.120   192
   -10.861    23.292     1.120   191
    -9.835    23.744     1.120   190
    -8.790    24.150     1.120   189
    -7.728    24.511     1.120   188
    -6.652    24.824     1.120   187
    -5.562    25.091     1.120   186
    -4.463    25.310     1.120   185
    -3.355    25.480     1.120   184
    -2.240    25.602     1.120   183
    -1.121    25.676     1.120   182
     0.000    25.700     1.120   181
     1.121    25.676     1.120   180
     2.240    25.602     1.120   179
     3.355    25.480     1.120   178
     4.463    25.310     1.120   177
     5.562    25.091     1.120   176
     6.652    24.824     1.120   175
     7.728    24.511     1.120   174
     8.790    24.150     1.120   173
     9.835    23.744     1.120   172
    10.861    23.292     1.120   171
    11.867    22.796     1.120   170
    12.850    22.257     1.120   169
    13.809    21.675     1.120   168
    14.741    21.052     1.120   167
    15.645    20.389     1.120   166
    16.520    19.687     1.120   165
    17.363    18.948     1.120   164
    18.173    18.173     1.120   163
    18.948    17.363     1.120   162
    19.687    16.520     1.120   161
    20.389    15.645     1.120   160
    21.052    14.741     1.120   159
    21.675    13.809     1.120   158
    22.257    12.850     1.120   157
    22.796    11.867     1.120   156
    23.292    10.861     1.120   155
    23.744     9.835     1.120   154
    24.150     8.790     1.120   153
    24.511     7.728     1.120   152
    24.824     6.652     1.120   151
    25.091     5.562     1.120   150
    25.310     4.463     1.120   149
    25.480     3.355     1.120   148
    25.602     2.240     1.120   147
    25.676     1.121     1.120   146
    25.700    -0.000     1.120   145
