1.122000000000000064e+01 0.000000000000000000e+00 1.009800000000000040e+02
1.122000000000000064e+01 0.000000000000000000e+00 9.985800000000000409e+01
1.122000000000000064e+01 0.000000000000000000e+00 9.873600000000000421e+01
1.122000000000000064e+01 0.000000000000000000e+00 9.761400000000000432e+01
1.122000000000000064e+01 0.000000000000000000e+00 9.649200000000000443e+01
1.122000000000000064e+01 0.000000000000000000e+00 9.537000000000000455e+01
1.122000000000000064e+01 0.000000000000000000e+00 9.424800000000000466e+01
1.122000000000000064e+01 0.000000000000000000e+00 9.312600000000000477e+01
1.122000000000000064e+01 0.000000000000000000e+00 9.200400000000000489e+01
1.122000000000000064e+01 0.000000000000000000e+00 9.088200000000000500e+01
1.122000000000000064e+01 0.000000000000000000e+00 8.976000000000000512e+01
1.122000000000000064e+01 0.000000000000000000e+00 8.863800000000000523e+01
1.122000000000000064e+01 0.000000000000000000e+00 8.751600000000000534e+01
1.122000000000000064e+01 0.000000000000000000e+00 8.639400000000000546e+01
1.122000000000000064e+01 0.000000000000000000e+00 8.527200000000000557e+01
1.122000000000000064e+01 0.000000000000000000e+00 8.415000000000000568e+01
1.122000000000000064e+01 0.000000000000000000e+00 8.302800000000000580e+01
1.122000000000000064e+01 0.000000000000000000e+00 8.190600000000000591e+01
1.122000000000000064e+01 0.000000000000000000e+00 8.078400000000000603e+01
1.122000000000000064e+01 0.000000000000000000e+00 7.966200000000000614e+01
1.122000000000000064e+01 0.000000000000000000e+00 7.854000000000000625e+01
1.122000000000000064e+01 0.000000000000000000e+00 7.741800000000000637e+01
1.122000000000000064e+01 0.000000000000000000e+00 7.629600000000000648e+01
1.122000000000000064e+01 0.000000000000000000e+00 7.517400000000000659e+01
1.122000000000000064e+01 0.000000000000000000e+00 7.405200000000000671e+01
1.122000000000000064e+01 0.000000000000000000e+00 7.293000000000000682e+01
1.122000000000000064e+01 0.000000000000000000e+00 7.180800000000000693e+01
1.122000000000000064e+01 0.000000000000000000e+00 7.068600000000000705e+01
1.122000000000000064e+01 0.000000000000000000e+00 6.956400000000000716e+01
1.122000000000000064e+01 0.000000000000000000e+00 6.844200000000000728e+01
1.122000000000000064e+01 0.000000000000000000e+00 6.732000000000000739e+01
1.122000000000000064e+01 0.000000000000000000e+00 6.619800000000000750e+01
1.122000000000000064e+01 0.000000000000000000e+00 6.507600000000000762e+01
1.122000000000000064e+01 0.000000000000000000e+00 6.395400000000000063e+01
1.122000000000000064e+01 0.000000000000000000e+00 6.283200000000000074e+01
1.122000000000000064e+01 0.000000000000000000e+00 6.171000000000000085e+01
1.122000000000000064e+01 0.000000000000000000e+00 6.058800000000000097e+01
1.122000000000000064e+01 0.000000000000000000e+00 5.946600000000000108e+01
1.122000000000000064e+01 0.000000000000000000e+00 5.834400000000000119e+01
1.122000000000000064e+01 0.000000000000000000e+00 5.722200000000000131e+01
1.122000000000000064e+01 0.000000000000000000e+00 5.610000000000000142e+01
1.122000000000000064e+01 0.000000000000000000e+00 5.497800000000000153e+01
1.122000000000000064e+01 0.000000000000000000e+00 5.385600000000000165e+01
1.122000000000000064e+01 0.000000000000000000e+00 5.273400000000000176e+01
1.122000000000000064e+01 0.000000000000000000e+00 5.161200000000000188e+01
1.122000000000000064e+01 0.000000000000000000e+00 5.049000000000000199e+01
1.122000000000000064e+01 0.000000000000000000e+00 4.936800000000000210e+01
1.122000000000000064e+01 0.000000000000000000e+00 4.824600000000000222e+01
1.122000000000000064e+01 0.000000000000000000e+00 4.712400000000000233e+01
1.122000000000000064e+01 0.000000000000000000e+00 4.600200000000000244e+01
1.122000000000000064e+01 0.000000000000000000e+00 4.488000000000000256e+01
1.122000000000000064e+01 0.000000000000000000e+00 4.375800000000000267e+01
1.122000000000000064e+01 0.000000000000000000e+00 4.263600000000000279e+01
1.122000000000000064e+01 0.000000000000000000e+00 4.151400000000000290e+01
1.122000000000000064e+01 0.000000000000000000e+00 4.039200000000000301e+01
1.122000000000000064e+01 0.000000000000000000e+00 3.927000000000000313e+01
1.122000000000000064e+01 0.000000000000000000e+00 3.814800000000000324e+01
1.122000000000000064e+01 0.000000000000000000e+00 3.702600000000000335e+01
1.122000000000000064e+01 0.000000000000000000e+00 3.590400000000000347e+01
1.122000000000000064e+01 0.000000000000000000e+00 3.478200000000000358e+01
1.122000000000000064e+01 0.000000000000000000e+00 3.366000000000000369e+01
1.122000000000000064e+01 0.000000000000000000e+00 3.253800000000000381e+01
1.122000000000000064e+01 0.000000000000000000e+00 3.141600000000000037e+01
1.122000000000000064e+01 0.000000000000000000e+00 3.029400000000000048e+01
1.122000000000000064e+01 0.000000000000000000e+00 2.917200000000000060e+01
1.122000000000000064e+01 0.000000000000000000e+00 2.805000000000000071e+01
1.122000000000000064e+01 0.000000000000000000e+00 2.692800000000000082e+01
1.122000000000000064e+01 0.000000000000000000e+00 2.580600000000000094e+01
1.122000000000000064e+01 0.000000000000000000e+00 2.468400000000000105e+01
1.122000000000000064e+01 0.000000000000000000e+00 2.356200000000000117e+01
1.122000000000000064e+01 0.000000000000000000e+00 2.244000000000000128e+01
1.122000000000000064e+01 0.000000000000000000e+00 2.131800000000000139e+01
1.122000000000000064e+01 0.000000000000000000e+00 2.019600000000000151e+01
1.122000000000000064e+01 0.000000000000000000e+00 1.907400000000000162e+01
1.122000000000000064e+01 0.000000000000000000e+00 1.795200000000000173e+01
1.122000000000000064e+01 0.000000000000000000e+00 1.683000000000000185e+01
1.122000000000000064e+01 0.000000000000000000e+00 1.570800000000000018e+01
1.122000000000000064e+01 0.000000000000000000e+00 1.458600000000000030e+01
1.122000000000000064e+01 0.000000000000000000e+00 1.346400000000000041e+01
1.122000000000000064e+01 0.000000000000000000e+00 1.234200000000000053e+01
1.122000000000000064e+01 0.000000000000000000e+00 1.122000000000000064e+01
1.122000000000000064e+01 0.000000000000000000e+00 1.009800000000000075e+01
1.122000000000000064e+01 0.000000000000000000e+00 8.976000000000000867e+00
1.122000000000000064e+01 0.000000000000000000e+00 7.854000000000000092e+00
1.122000000000000064e+01 0.000000000000000000e+00 6.732000000000000206e+00
1.122000000000000064e+01 0.000000000000000000e+00 5.610000000000000320e+00
1.122000000000000064e+01 0.000000000000000000e+00 4.488000000000000433e+00
1.122000000000000064e+01 0.000000000000000000e+00 3.366000000000000547e+00
1.122000000000000064e+01 0.000000000000000000e+00 2.244000000000000217e+00
1.122000000000000064e+01 0.000000000000000000e+00 1.122000000000000108e+00
1.122000000000000064e+01 0.000000000000000000e+00 0.000000000000000000e+00
1.009800000000000075e+01 0.000000000000000000e+00 0.000000000000000000e+00
8.976000000000000867e+00 0.000000000000000000e+00 0.000000000000000000e+00
7.854000000000000092e+00 0.000000000000000000e+00 0.000000000000000000e+00
6.732000000000000206e+00 0.000000000000000000e+00 0.000000000000000000e+00
5.610000000000000320e+00 0.000000000000000000e+00 0.000000000000000000e+00
4.488000000000000433e+00 0.000000000000000000e+00 0.000000000000000000e+00
3.366000000000000547e+00 0.000000000000000000e+00 0.000000000000000000e+00
2.244000000000000217e+00 0.000000000000000000e+00 0.000000000000000000e+00
1.122000000000000108e+00 0.000000000000000000e+00 0.000000000000000000e+00
0.000000000000000000e+00 0.000000000000000000e+00 0.000000000000000000e+00
0.000000000000000000e+00 0.000000000000000000e+00 1.000000000000000000e+00
0.000000000000000000e+00 0.000000000000000000e+00 2.000000000000000000e+00
0.000000000000000000e+00 0.000000000000000000e+00 3.000000000000000000e+00
0.000000000000000000e+00 0.000000000000000000e+00 4.000000000000000000e+00
0.000000000000000000e+00 0.000000000000000000e+00 5.000000000000000000e+00
0.000000000000000000e+00 0.000000000000000000e+00 6.000000000000000000e+00
0.000000000000000000e+00 0.000000000000000000e+00 7.000000000000000000e+00
0.000000000000000000e+00 0.000000000000000000e+00 8.000000000000000000e+00
0.000000000000000000e+00 0.000000000000000000e+00 9.000000000000000000e+00
1.000000000000000000e+00 0.000000000000000000e+00 9.000000000000000000e+00
2.000000000000000000e+00 0.000000000000000000e+00 9.000000000000000000e+00
3.000000000000000000e+00 0.000000000000000000e+00 9.000000000000000000e+00
4.000000000000000000e+00 0.000000000000000000e+00 9.000000000000000000e+00
5.000000000000000000e+00 0.000000000000000000e+00 9.000000000000000000e+00
6.000000000000000000e+00 0.000000000000000000e+00 9.000000000000000000e+00
7.000000000000000000e+00 0.000000000000000000e+00 9.000000000000000000e+00
8.000000000000000000e+00 0.000000000000000000e+00 9.000000000000000000e+00
9.000000000000000000e+00 0.000000000000000000e+00 9.000000000000000000e+00
9.000000000000000000e+00 1.000000000000000000e+00 9.000000000000000000e+00
9.000000000000000000e+00 2.000000000000000000e+00 9.000000000000000000e+00
9.000000000000000000e+00 3.000000000000000000e+00 9.000000000000000000e+00
9.000000000000000000e+00 4.000000000000000000e+00 9.000000000000000000e+00
9.000000000000000000e+00 5.000000000000000000e+00 9.000000000000000000e+00
9.000000000000000000e+00 6.000000000000000000e+00 9.000000000000000000e+00
9.000000000000000000e+00 7.000000000000000000e+00 9.000000000000000000e+00
9.000000000000000000e+00 8.000000000000000000e+00 9.000000000000000000e+00
9.000000000000000000e+00 9.000000000000000000e+00 9.000000000000000000e+00
8.000000000000000000e+00 9.000000000000000000e+00 9.000000000000000000e+00
7.000000000000000000e+00 9.000000000000000000e+00 9.000000000000000000e+00
6.000000000000000000e+00 9.000000000000000000e+00 9.000000000000000000e+00
5.000000000000000000e+00 9.000000000000000000e+00 9.000000000000000000e+00
4.000000000000000000e+00 9.000000000000000000e+00 9.000000000000000000e+00
3.000000000000000000e+00 9.000000000000000000e+00 9.000000000000000000e+00
2.000000000000000000e+00 9.000000000000000000e+00 9.000000000000000000e+00
1.000000000000000000e+00 9.000000000000000000e+00 9.000000000000000000e+00
0.000000000000000000e+00 9.000000000000000000e+00 9.000000000000000000e+00
-1.000000000000000000e+00 9.000000000000000000e+00 9.000000000000000000e+00
-2.000000000000000000e+00 9.000000000000000000e+00 9.000000000000000000e+00
-3.000000000000000000e+00 9.000000000000000000e+00 9.000000000000000000e+00
-4.000000000000000000e+00 9.000000000000000000e+00 9.000000000000000000e+00
-5.000000000000000000e+00 9.000000000000000000e+00 9.000000000000000000e+00
-6.000000000000000000e+00 9.000000000000000000e+00 9.000000000000000000e+00
-6.000000000000000000e+00 8.000000000000000000e+00 9.000000000000000000e+00
-6.000000000000000000e+00 7.000000000000000000e+00 9.000000000000000000e+00
-6.000000000000000000e+00 6.000000000000000000e+00 9.000000000000000000e+00
-6.000000000000000000e+00 5.000000000000000000e+00 9.000000000000000000e+00
-6.000000000000000000e+00 4.000000000000000000e+00 9.000000000000000000e+00
-6.000000000000000000e+00 3.000000000000000000e+00 9.000000000000000000e+00
-6.000000000000000000e+00 2.000000000000000000e+00 9.000000000000000000e+00
-6.000000000000000000e+00 1.000000000000000000e+00 9.000000000000000000e+00
-6.000000000000000000e+00 0.000000000000000000e+00 9.000000000000000000e+00
-6.000000000000000000e+00 -1.000000000000000000e+00 9.000000000000000000e+00
-6.000000000000000000e+00 -2.000000000000000000e+00 9.000000000000000000e+00
-6.000000000000000000e+00 -3.000000000000000000e+00 9.000000000000000000e+00
-6.000000000000000000e+00 -4.000000000000000000e+00 9.000000000000000000e+00
-6.000000000000000000e+00 -5.000000000000000000e+00 9.000000000000000000e+00
-6.000000000000000000e+00 -6.000000000000000000e+00 9.000000000000000000e+00
-5.000000000000000000e+00 -6.000000000000000000e+00 9.000000000000000000e+00
-4.000000000000000000e+00 -6.000000000000000000e+00 9.000000000000000000e+00
-3.000000000000000000e+00 -6.000000000000000000e+00 9.000000000000000000e+00
-2.000000000000000000e+00 -6.000000000000000000e+00 9.000000000000000000e+00
-1.000000000000000000e+00 -6.000000000000000000e+00 9.000000000000000000e+00
0.000000000000000000e+00 -6.000000000000000000e+00 9.000000000000000000e+00
1.000000000000000000e+00 -6.000000000000000000e+00 9.000000000000000000e+00
2.000000000000000000e+00 -6.000000000000000000e+00 9.000000000000000000e+00
3.000000000000000000e+00 -6.000000000000000000e+00 9.000000000000000000e+00
4.000000000000000000e+00 -6.000000000000000000e+00 9.000000000000000000e+00
5.000000000000000000e+00 -6.000000000000000000e+00 9.000000000000000000e+00
6.000000000000000000e+00 -6.000000000000000000e+00 9.000000000000000000e+00
7.000000000000000000e+00 -6.000000000000000000e+00 9.000000000000000000e+00
8.000000000000000000e+00 -6.000000000000000000e+00 9.000000000000000000e+00
9.000000000000000000e+00 -6.000000000000000000e+00 9.000000000000000000e+00
9.000000000000000000e+00 -5.000000000000000000e+00 9.000000000000000000e+00
9.000000000000000000e+00 -4.000000000000000000e+00 9.000000000000000000e+00
9.000000000000000000e+00 -3.000000000000000000e+00 9.000000000000000000e+00
9.000000000000000000e+00 -3.000000000000000000e+00 8.000000000000000000e+00
9.000000000000000000e+00 -3.000000000000000000e+00 7.000000000000000000e+00
9.000000000000000000e+00 -3.000000000000000000e+00 6.000000000000000000e+00
8.000000000000000000e+00 -3.000000000000000000e+00 6.000000000000000000e+00
7.000000000000000000e+00 -3.000000000000000000e+00 6.000000000000000000e+00
6.000000000000000000e+00 -3.000000000000000000e+00 6.000000000000000000e+00
6.000000000000000000e+00 -2.000000000000000000e+00 6.000000000000000000e+00
6.000000000000000000e+00 -1.000000000000000000e+00 6.000000000000000000e+00
6.000000000000000000e+00 0.000000000000000000e+00 6.000000000000000000e+00
6.000000000000000000e+00 1.000000000000000000e+00 6.000000000000000000e+00
6.000000000000000000e+00 2.000000000000000000e+00 6.000000000000000000e+00
6.000000000000000000e+00 3.000000000000000000e+00 6.000000000000000000e+00
6.000000000000000000e+00 4.000000000000000000e+00 6.000000000000000000e+00
6.000000000000000000e+00 5.000000000000000000e+00 6.000000000000000000e+00
6.000000000000000000e+00 6.000000000000000000e+00 6.000000000000000000e+00
6.000000000000000000e+00 6.000000000000000000e+00 7.000000000000000000e+00
6.000000000000000000e+00 6.000000000000000000e+00 8.000000000000000000e+00
6.000000000000000000e+00 6.000000000000000000e+00 9.000000000000000000e+00
6.000000000000000000e+00 6.000000000000000000e+00 1.000000000000000000e+01
6.000000000000000000e+00 6.000000000000000000e+00 1.100000000000000000e+01
6.000000000000000000e+00 6.000000000000000000e+00 1.200000000000000000e+01
6.000000000000000000e+00 6.000000000000000000e+00 1.300000000000000000e+01
6.000000000000000000e+00 6.000000000000000000e+00 1.400000000000000000e+01
6.000000000000000000e+00 6.000000000000000000e+00 1.500000000000000000e+01
7.121999999999999886e+00 6.000000000000000000e+00 1.500000000000000000e+01
8.243999999999999773e+00 6.000000000000000000e+00 1.500000000000000000e+01
9.365999999999999659e+00 6.000000000000000000e+00 1.500000000000000000e+01
1.048799999999999955e+01 6.000000000000000000e+00 1.500000000000000000e+01
1.160999999999999943e+01 6.000000000000000000e+00 1.500000000000000000e+01
1.273199999999999932e+01 6.000000000000000000e+00 1.500000000000000000e+01
1.385399999999999920e+01 6.000000000000000000e+00 1.500000000000000000e+01
1.497599999999999909e+01 6.000000000000000000e+00 1.500000000000000000e+01
1.609799999999999898e+01 6.000000000000000000e+00 1.500000000000000000e+01
1.721999999999999886e+01 6.000000000000000000e+00 1.500000000000000000e+01
1.721999999999999886e+01 6.000000000000000000e+00 1.387800000000000011e+01
1.721999999999999886e+01 6.000000000000000000e+00 1.275600000000000023e+01
1.721999999999999886e+01 6.000000000000000000e+00 1.163400000000000034e+01
1.721999999999999886e+01 6.000000000000000000e+00 1.051200000000000045e+01
1.721999999999999886e+01 6.000000000000000000e+00 9.390000000000000568e+00
1.721999999999999886e+01 6.000000000000000000e+00 8.268000000000000682e+00
1.721999999999999886e+01 6.000000000000000000e+00 7.146000000000000796e+00
1.721999999999999886e+01 6.000000000000000000e+00 6.024000000000000909e+00
1.721999999999999886e+01 6.000000000000000000e+00 4.902000000000001023e+00
1.721999999999999886e+01 6.000000000000000000e+00 3.780000000000001137e+00
1.721999999999999886e+01 6.000000000000000000e+00 2.658000000000001251e+00
1.721999999999999886e+01 6.000000000000000000e+00 1.536000000000001142e+00
1.721999999999999886e+01 6.000000000000000000e+00 4.140000000000010338e-01
1.721999999999999886e+01 6.000000000000000000e+00 -7.079999999999990745e-01
1.721999999999999886e+01 6.000000000000000000e+00 -1.829999999999999183e+00
1.721999999999999886e+01 6.000000000000000000e+00 -2.951999999999999069e+00
1.721999999999999886e+01 6.000000000000000000e+00 -4.073999999999998956e+00
1.721999999999999886e+01 6.000000000000000000e+00 -5.195999999999998842e+00
1.721999999999999886e+01 6.000000000000000000e+00 -6.317999999999998728e+00
1.721999999999999886e+01 6.000000000000000000e+00 -7.439999999999998614e+00
1.721999999999999886e+01 6.000000000000000000e+00 -8.561999999999999389e+00
1.721999999999999886e+01 6.000000000000000000e+00 -9.683999999999999275e+00
1.721999999999999886e+01 6.000000000000000000e+00 -1.080599999999999916e+01
1.721999999999999886e+01 6.000000000000000000e+00 -1.192799999999999905e+01
1.721999999999999886e+01 6.000000000000000000e+00 -1.304999999999999893e+01
1.721999999999999886e+01 6.000000000000000000e+00 -1.417199999999999882e+01
1.721999999999999886e+01 6.000000000000000000e+00 -1.529399999999999871e+01
1.721999999999999886e+01 6.000000000000000000e+00 -1.641600000000000037e+01
1.721999999999999886e+01 6.000000000000000000e+00 -1.753800000000000026e+01
1.721999999999999886e+01 6.000000000000000000e+00 -1.866000000000000014e+01
1.721999999999999886e+01 6.000000000000000000e+00 -1.978200000000000003e+01
1.721999999999999886e+01 6.000000000000000000e+00 -2.090399999999999991e+01
1.721999999999999886e+01 6.000000000000000000e+00 -2.202599999999999980e+01
1.721999999999999886e+01 6.000000000000000000e+00 -2.314799999999999969e+01
1.721999999999999886e+01 6.000000000000000000e+00 -2.426999999999999957e+01
1.721999999999999886e+01 6.000000000000000000e+00 -2.539199999999999946e+01
1.721999999999999886e+01 6.000000000000000000e+00 -2.651399999999999935e+01
1.721999999999999886e+01 6.000000000000000000e+00 -2.763599999999999923e+01
1.721999999999999886e+01 6.000000000000000000e+00 -2.875799999999999912e+01
1.721999999999999886e+01 6.000000000000000000e+00 -2.987999999999999901e+01
1.721999999999999886e+01 6.000000000000000000e+00 -3.100199999999999889e+01
1.721999999999999886e+01 6.000000000000000000e+00 -3.212400000000000233e+01
1.721999999999999886e+01 6.000000000000000000e+00 -3.324600000000000222e+01
1.721999999999999886e+01 6.000000000000000000e+00 -3.436800000000000210e+01
1.721999999999999886e+01 6.000000000000000000e+00 -3.549000000000000199e+01
1.721999999999999886e+01 6.000000000000000000e+00 -3.661200000000000188e+01
1.721999999999999886e+01 6.000000000000000000e+00 -3.773400000000000176e+01
1.721999999999999886e+01 6.000000000000000000e+00 -3.885600000000000165e+01
1.721999999999999886e+01 6.000000000000000000e+00 -3.997800000000000153e+01
1.721999999999999886e+01 6.000000000000000000e+00 -4.110000000000000142e+01
1.721999999999999886e+01 6.000000000000000000e+00 -4.222200000000000131e+01
1.721999999999999886e+01 6.000000000000000000e+00 -4.334400000000000119e+01
1.721999999999999886e+01 6.000000000000000000e+00 -4.446600000000000108e+01
1.721999999999999886e+01 6.000000000000000000e+00 -4.558800000000000097e+01
1.721999999999999886e+01 6.000000000000000000e+00 -4.671000000000000085e+01
1.721999999999999886e+01 6.000000000000000000e+00 -4.783200000000000074e+01
1.721999999999999886e+01 6.000000000000000000e+00 -4.895400000000000063e+01
1.721999999999999886e+01 6.000000000000000000e+00 -5.007600000000000051e+01
1.721999999999999886e+01 6.000000000000000000e+00 -5.119800000000000040e+01
1.721999999999999886e+01 6.000000000000000000e+00 -5.232000000000000028e+01
1.721999999999999886e+01 6.000000000000000000e+00 -5.344200000000000017e+01
1.721999999999999886e+01 6.000000000000000000e+00 -5.456400000000000006e+01
1.721999999999999886e+01 6.000000000000000000e+00 -5.568599999999999994e+01
1.721999999999999886e+01 6.000000000000000000e+00 -5.680799999999999983e+01
1.721999999999999886e+01 6.000000000000000000e+00 -5.792999999999999972e+01
1.721999999999999886e+01 6.000000000000000000e+00 -5.905199999999999960e+01
1.721999999999999886e+01 6.000000000000000000e+00 -6.017399999999999949e+01
1.721999999999999886e+01 6.000000000000000000e+00 -6.129599999999999937e+01
1.721999999999999886e+01 6.000000000000000000e+00 -6.241799999999999926e+01
1.721999999999999886e+01 6.000000000000000000e+00 -6.353999999999999915e+01
1.721999999999999886e+01 6.000000000000000000e+00 -6.466200000000000614e+01
1.721999999999999886e+01 6.000000000000000000e+00 -6.578400000000000603e+01
1.721999999999999886e+01 6.000000000000000000e+00 -6.690600000000000591e+01
1.721999999999999886e+01 6.000000000000000000e+00 -6.802800000000000580e+01
1.721999999999999886e+01 6.000000000000000000e+00 -6.915000000000000568e+01
1.721999999999999886e+01 6.000000000000000000e+00 -7.027200000000000557e+01
1.721999999999999886e+01 6.000000000000000000e+00 -7.139400000000000546e+01
1.721999999999999886e+01 6.000000000000000000e+00 -7.251600000000000534e+01
1.721999999999999886e+01 6.000000000000000000e+00 -7.363800000000000523e+01
1.721999999999999886e+01 6.000000000000000000e+00 -7.476000000000000512e+01
1.721999999999999886e+01 6.000000000000000000e+00 -7.588200000000000500e+01
1.721999999999999886e+01 6.000000000000000000e+00 -7.700400000000000489e+01
1.721999999999999886e+01 6.000000000000000000e+00 -7.812600000000000477e+01
1.721999999999999886e+01 6.000000000000000000e+00 -7.924800000000000466e+01
1.721999999999999886e+01 6.000000000000000000e+00 -8.037000000000000455e+01
1.721999999999999886e+01 6.000000000000000000e+00 -8.149200000000000443e+01
1.721999999999999886e+01 6.000000000000000000e+00 -8.261400000000000432e+01
1.721999999999999886e+01 6.000000000000000000e+00 -8.373600000000000421e+01
1.721999999999999886e+01 6.000000000000000000e+00 -8.485800000000000409e+01
1.721999999999999886e+01 6.000000000000000000e+00 -8.598000000000000398e+01
