        1.122       -34.796       -10.102
        1.122       -33.674       -10.102
        1.122       -32.551       -10.102
        1.122       -31.429       -10.102
        1.122       -30.306       -10.102
        1.122       -29.184       -10.102
        1.122       -28.062       -10.102
        1.122       -26.939       -10.102
        1.122       -25.817       -10.102
        1.122       -24.694       -10.102
        1.122       -23.572       -10.102
        1.122       -22.449       -10.102
        1.122       -21.327       -10.102
        1.122       -20.204       -10.102
        1.122       -19.082       -10.102
        1.122       -17.959       -10.102
        1.122       -16.837       -10.102
        1.122       -15.714       -10.102
        1.122       -14.592       -10.102
        1.122       -13.470       -10.102
        1.122       -12.347       -10.102
        1.122       -12.347        -8.980
        1.122       -12.347        -7.857
        1.122       -12.347        -6.735
        1.122       -12.347        -5.612
        1.122       -12.347        -4.490
        1.122       -12.347        -3.367
        1.122       -12.347        -2.245
        1.122       -12.347        -1.122
        1.122       -12.347         0.000
        1.122       -12.347         1.122
        1.122       -11.225         1.122
        1.122       -10.102         1.122
        1.122        -8.980         1.122
        1.122        -7.857         1.122
        1.122        -6.735         1.122
        1.122        -5.612         1.122
        1.122        -4.490         1.122
        1.122        -3.367         1.122
        1.122        -2.245         1.122
        1.122        -1.122         1.122
        1.122         0.000         1.122
        1.122         1.122         1.122
        1.122         2.245         1.122
        0.000         2.245         1.122
       -1.122         2.245         1.122
       -1.122         1.122         1.122
       -1.122         0.000         1.122
       -1.122         0.000         0.000
        0.000         0.000         0.000
        1.122         0.000         0.000
        2.245         0.000         0.000
        2.245         0.000         1.122
        2.245         0.000         2.245
        1.122         0.000         2.245
        0.000         0.000         2.245
        0.000         0.000         1.122
        0.000         1.122         1.122
        0.000         1.122         0.000
        0.000         2.245         0.000
        0.000         3.367         0.000
        0.000         4.490         0.000
        0.000         5.612         0.000
        0.000         6.735         0.000
        0.000         7.857         0.000
        0.000         8.980         0.000
        0.000        10.102         0.000
        0.000        11.225         0.000
        0.000        12.347         0.000
        0.000        12.347        -1.122
        0.000        12.347        -2.245
        0.000        12.347        -3.367
        0.000        12.347        -4.490
        0.000        12.347        -5.612
        0.000        12.347        -6.735
        0.000        12.347        -7.857
        0.000        12.347        -8.980
        0.000        12.347       -10.102
        0.000        12.347       -11.225
        0.000        13.470       -11.225
        0.000        14.592       -11.225
        0.000        15.714       -11.225
        0.000        16.837       -11.225
        0.000        17.959       -11.225
        0.000        19.082       -11.225
        0.000        20.204       -11.225
        0.000        21.327       -11.225
        0.000        22.449       -11.225
        0.000        23.572       -11.225
        0.000        24.694       -11.225
        0.000        25.817       -11.225
        0.000        26.939       -11.225
        0.000        28.062       -11.225
        0.000        29.184       -11.225
        0.000        30.306       -11.225
        0.000        31.429       -11.225
        0.000        32.551       -11.225
        0.000        33.674       -11.225
        0.000        34.796       -11.225
