  -102.900     0.000     0.000    1
  -102.894     0.000     1.122    2
  -102.875     0.000     2.245    3
  -102.845     0.000     3.367    4
  -102.802     0.000     4.488    5
  -102.747     0.000     5.610    6
  -102.679     0.000     6.730    7
  -102.600     0.000     7.850    8
  -102.508     0.000     8.968    9
  -102.404     0.000    10.086   10
  -102.288     0.000    11.202   11
  -102.160     0.000    12.317   12
  -102.019     0.000    13.431   13
  -101.867     0.000    14.543   14
  -101.702     0.000    15.653   15
  -101.525     0.000    16.762   16
  -101.336     0.000    17.868   17
  -101.136     0.000    18.973   18
  -100.923     0.000    20.075   19
  -100.698     0.000    21.174   20
  -100.461     0.000    22.272   21
  -100.212     0.000    23.366   22
   -99.951     0.000    24.458   23
   -99.678     0.000    25.547   24
   -99.394     0.000    26.632   25
   -99.097     0.000    27.715   26
   -98.789     0.000    28.794   27
   -98.469     0.000    29.870   28
   -98.137     0.000    30.943   29
   -97.794     0.000    32.011   30
   -97.439     0.000    33.076   31
   -97.072     0.000    34.137   32
   -96.694     0.000    35.194   33
   -96.304     0.000    36.246   34
   -95.903     0.000    37.295   35
   -95.491     0.000    38.339   36
   -95.067     0.000    39.378   37
   -94.632     0.000    40.413   38
   -94.185     0.000    41.443   39
   -93.728     0.000    42.467   40
   -93.259     0.000    43.487   41
   -92.779     0.000    44.502   42
   -92.288     0.000    45.511   43
   -91.786     0.000    46.515   44
   -91.273     0.000    47.514   45
   -90.749     0.000    48.507   46
   -90.215     0.000    49.494   47
   -89.670     0.000    50.475   48
   -89.114     0.000    51.450   49
   -88.547     0.000    52.419   50
   -87.970     0.000    53.382   51
   -87.383     0.000    54.338   52
   -86.785     0.000    55.288   53
   -86.177     0.000    56.231   54
   -85.558     0.000    57.168   55
   -84.929     0.000    58.098   56
   -84.291     0.000    59.021   57
   -83.642     0.000    59.937   58
   -82.983     0.000    60.846   59
   -82.314     0.000    61.747   60
   -81.636     0.000    62.641   61
   -80.948     0.000    63.528   62
   -80.250     0.000    64.407   63
   -79.543     0.000    65.279   64
   -78.826     0.000    66.143   65
   -78.100     0.000    66.999   66
   -77.364     0.000    67.847   67
   -76.619     0.000    68.686   68
   -75.866     0.000    69.518   69
   -75.103     0.000    70.341   70
   -74.331     0.000    71.157   71
   -73.550     0.000    71.963   72
   -72.761     0.000    72.761   73
   -71.963     0.000    73.550   74
   -71.157     0.000    74.331   75
   -70.341     0.000    75.103   76
   -69.518     0.000    75.866   77
   -68.686     0.000    76.619   78
   -67.847     0.000    77.364   79
   -66.999     0.000    78.100   80
   -66.143     0.000    78.826   81
   -65.279     0.000    79.543   82
   -64.407     0.000    80.250   83
   -63.528     0.000    80.948   84
   -62.641     0.000    81.636   85
   -61.747     0.000    82.314   86
   -60.846     0.000    82.983   87
   -59.937     0.000    83.642   88
   -59.021     0.000    84.291   89
   -58.098     0.000    84.929   90
   -57.168     0.000    85.558   91
   -56.231     0.000    86.177   92
   -55.288     0.000    86.785   93
   -54.338     0.000    87.383   94
   -53.382     0.000    87.970   95
   -52.419     0.000    88.547   96
   -51.450     0.000    89.114   97
   -50.475     0.000    89.670   98
   -49.494     0.000    90.215   99
   -48.507     0.000    90.749  100
   -47.514     0.000    91.273  101
   -46.515     0.000    91.786  102
   -45.511     0.000    92.288  103
   -44.502     0.000    92.779  104
   -43.487     0.000    93.259  105
   -42.467     0.000    93.728  106
   -41.443     0.000    94.185  107
   -40.413     0.000    94.632  108
   -39.378     0.000    95.067  109
   -38.339     0.000    95.491  110
   -37.295     0.000    95.903  111
   -36.246     0.000    96.304  112
   -35.194     0.000    96.694  113
   -34.137     0.000    97.072  114
   -33.076     0.000    97.439  115
   -32.011     0.000    97.794  116
   -30.943     0.000    98.137  117
   -29.870     0.000    98.469  118
   -28.794     0.000    98.789  119
   -27.715     0.000    99.097  120
   -26.632     0.000    99.394  121
   -25.547     0.000    99.678  122
   -24.458     0.000    99.951  123
   -23.366     0.000   100.212  124
   -22.272     0.000   100.461  125
   -21.174     0.000   100.698  126
   -20.075     0.000   100.923  127
   -18.973     0.000   101.136  128
   -17.868     0.000   101.336  129
   -16.762     0.000   101.525  130
   -15.653     0.000   101.702  131
   -14.543     0.000   101.867  132
   -13.431     0.000   102.019  133
   -12.317     0.000   102.160  134
   -11.202     0.000   102.288  135
   -10.086     0.000   102.404  136
    -8.968     0.000   102.508  137
    -7.850     0.000   102.600  138
    -6.730     0.000   102.679  139
    -5.610     0.000   102.747  140
    -4.488     0.000   102.802  141
    -3.367     0.000   102.845  142
    -2.245     0.000   102.875  143
    -1.122     0.000   102.894  144
     0.000     0.000   102.900  145
     1.122     0.000   102.894  146
     2.245     0.000   102.875  147
     3.367     0.000   102.845  148
     4.488     0.000   102.802  149
     5.610     0.000   102.747  150
     6.730     0.000   102.679  151
     7.850     0.000   102.600  152
     8.968     0.000   102.508  153
    10.086     0.000   102.404  154
    11.202     0.000   102.288  155
    12.317     0.000   102.160  156
    13.431     0.000   102.019  157
    14.543     0.000   101.867  158
    15.653     0.000   101.702  159
    16.762     0.000   101.525  160
    17.868     0.000   101.336  161
    18.973     0.000   101.136  162
    20.075     0.000   100.923  163
    21.174     0.000   100.698  164
    22.272     0.000   100.461  165
    23.366     0.000   100.212  166
    24.458     0.000    99.951  167
    25.547     0.000    99.678  168
    26.632     0.000    99.394  169
    27.715     0.000    99.097  170
    28.794     0.000    98.789  171
    29.870     0.000    98.469  172
    30.943     0.000    98.137  173
    32.011     0.000    97.794  174
    33.076     0.000    97.439  175
    34.137     0.000    97.072  176
    35.194     0.000    96.694  177
    36.246     0.000    96.304  178
    37.295     0.000    95.903  179
    38.339     0.000    95.491  180
    39.378     0.000    95.067  181
    40.413     0.000    94.632  182
    41.443     0.000    94.185  183
    42.467     0.000    93.728  184
    43.487     0.000    93.259  185
    44.502     0.000    92.779  186
    45.511     0.000    92.288  187
    46.515     0.000    91.786  188
    47.514     0.000    91.273  189
    48.507     0.000    90.749  190
    49.494     0.000    90.215  191
    50.475     0.000    89.670  192
    51.450     0.000    89.114  193
    52.419     0.000    88.547  194
    53.382     0.000    87.970  195
    54.338     0.000    87.383  196
    55.288     0.000    86.785  197
    56.231     0.000    86.177  198
    57.168     0.000    85.558  199
    58.098     0.000    84.929  200
    59.021     0.000    84.291  201
    59.937     0.000    83.642  202
    60.846     0.000    82.983  203
    61.747     0.000    82.314  204
    62.641     0.000    81.636  205
    63.528     0.000    80.948  206
    64.407     0.000    80.250  207
    65.279     0.000    79.543  208
    66.143     0.000    78.826  209
    66.999     0.000    78.100  210
    67.847     0.000    77.364  211
    68.686     0.000    76.619  212
    69.518     0.000    75.866  213
    70.341     0.000    75.103  214
    71.157     0.000    74.331  215
    71.963     0.000    73.550  216
    72.761     0.000    72.761  217
    73.550     0.000    71.963  218
    74.331     0.000    71.157  219
    75.103     0.000    70.341  220
    75.866     0.000    69.518  221
    76.619     0.000    68.686  222
    77.364     0.000    67.847  223
    78.100     0.000    66.999  224
    78.826     0.000    66.143  225
    79.543     0.000    65.279  226
    80.250     0.000    64.407  227
    80.948     0.000    63.528  228
    81.636     0.000    62.641  229
    82.314     0.000    61.747  230
    82.983     0.000    60.846  231
    83.642     0.000    59.937  232
    84.291     0.000    59.021  233
    84.929     0.000    58.098  234
    85.558     0.000    57.168  235
    86.177     0.000    56.231  236
    86.785     0.000    55.288  237
    87.383     0.000    54.338  238
    87.970     0.000    53.382  239
    88.547     0.000    52.419  240
    89.114     0.000    51.450  241
    89.670     0.000    50.475  242
    90.215     0.000    49.494  243
    90.749     0.000    48.507  244
    91.273     0.000    47.514  245
    91.786     0.000    46.515  246
    92.288     0.000    45.511  247
    92.779     0.000    44.502  248
    93.259     0.000    43.487  249
    93.728     0.000    42.467  250
    94.185     0.000    41.443  251
    94.632     0.000    40.413  252
    95.067     0.000    39.378  253
    95.491     0.000    38.339  254
    95.903     0.000    37.295  255
    96.304     0.000    36.246  256
    96.694     0.000    35.194  257
    97.072     0.000    34.137  258
    97.439     0.000    33.076  259
    97.794     0.000    32.011  260
    98.137     0.000    30.943  261
    98.469     0.000    29.870  262
    98.789     0.000    28.794  263
    99.097     0.000    27.715  264
    99.394     0.000    26.632  265
    99.678     0.000    25.547  266
    99.951     0.000    24.458  267
   100.212     0.000    23.366  268
   100.461     0.000    22.272  269
   100.698     0.000    21.174  270
   100.923     0.000    20.075  271
   101.136     0.000    18.973  272
   101.336     0.000    17.868  273
   101.525     0.000    16.762  274
   101.702     0.000    15.653  275
   101.867     0.000    14.543  276
   102.019     0.000    13.431  277
   102.160     0.000    12.317  278
   102.288     0.000    11.202  279
   102.404     0.000    10.086  280
   102.508     0.000     8.968  281
   102.600     0.000     7.850  282
   102.679     0.000     6.730  283
   102.747     0.000     5.610  284
   102.802     0.000     4.488  285
   102.845     0.000     3.367  286
   102.875     0.000     2.245  287
   102.894     0.000     1.122  288
